5 256.8109819925198 -2.7835312654527096
10 364.76602766963197 -2.7041200657750495
15 930.7991801141895 -3.0639832048261155
20 1371.0635174396057 -3.3284996838499894
25 2012.7097451421064 -3.8064971708555486
30 2978.2175616179984 -3.818341780811617
35 4418.939645828301 -4.352657577406312
40 6572.039390337671 -4.392021672852415
45 9688.727715812161 -4.561144750317922
50 14230.930343020747 -5.005128009939937
55 21095.892620315317 -5.21085059265604
60 31191.72201533718 -5.012393361954695
65 46320.53201792622 -5.597197892422589
70 68647.76049610092 -5.7128286582135495
75 100815.72432138534 -5.564157814947742
5 253.72799557116085 -2.6740261845709306
6 264.14138044058575 -2.717868409326009
7 276.44715055800134 -2.8160881777065585
8 290.6272972609479 -2.7596427531493033
9 320.0854185380184 -3.0695009726103
10 368.01505468058906 -2.7657142770794247
11 441.67185661002435 -2.920878998986869
12 543.7922353150915 -2.8739355395171002
13 700.8567272147892 -2.918155846362969
14 819.4537352293011 -3.426534958472856
15 926.848791326205 -3.0606420697524594
